0 0
10 0.381956
20 0.282613
30 0.26376
40 0.291847
50 0.165725
60 0.194182
70 0.254058
80 0.164148
90 0.162196
100 0.162964
110 0.164322
120 0.174607
130 0.134443
140 0.134899
150 0.133621
160 0.172125
170 0.138735
180 0.115584
190 0.115972
200 0.146521
210 0.13342
220 0.116105
230 0.110448
240 0.161299
250 0.0965707
260 0.0981241
270 0.102172
280 0.119728
290 0.117831
300 0.0992624
310 0.0972805
320 0.109185
330 0.0777329
340 0.0916611
350 0.0706784
360 0.081173
370 0.0828027
380 0.0854963
390 0.0904599
400 0.0733869
410 0.0726486
420 0.105985
430 0.0861982
440 0.0825932
450 0.0739093
460 0.0846246
470 0.092676
480 0.0812484
490 0.0750883
500 0.0716204
510 0.0883593
520 0.0748502
530 0.0794203
540 0.0779584
550 0.0805102
560 0.0788777
570 0.0722011
580 0.0707059
590 0.0741165
600 0.0648647
610 0.080198
620 0.0741985
630 0.0666094
640 0.0748981
650 0.0769451
660 0.0633536
670 0.0668933
680 0.0673543
690 0.0609652
700 0.0652768
710 0.0587227
720 0.0776792
730 0.0635711
740 0.0693674
750 0.0572989
760 0.0656612
770 0.0616191
780 0.0659214
790 0.0798369
800 0.0620047
810 0.055049
820 0.060611
830 0.0569104
840 0.0640903
850 0.062572
860 0.0626272
870 0.0565345
880 0.061834
890 0.0610307
900 0.0684671
910 0.0567149
920 0.0580295
930 0.0582188
940 0.0470241
950 0.0695196
960 0.0554787
970 0.0554139
980 0.0525343
990 0.0603863
1000 0.0574963
