0 0
10 0.590337
20 0.574588
30 0.459438
40 0.450546
50 0.399372
60 0.35763
70 0.286648
80 0.295716
90 0.266067
100 0.369263
110 0.273572
120 0.249525
130 0.28271
140 0.260539
150 0.237275
160 0.270972
170 0.222642
180 0.284903
190 0.244902
200 0.222777
210 0.228556
220 0.197257
230 0.222281
240 0.23192
250 0.22047
260 0.241632
270 0.243074
280 0.213306
290 0.214872
300 0.183764
310 0.23303
320 0.186106
330 0.223176
340 0.187195
350 0.197952
360 0.193074
370 0.20991
380 0.173688
390 0.19802
400 0.195096
410 0.174234
420 0.228298
430 0.163735
440 0.222465
450 0.182507
460 0.182013
470 0.166371
480 0.163949
490 0.177538
500 0.1803
510 0.205932
520 0.175697
530 0.16831
540 0.176112
550 0.175054
560 0.211668
570 0.187852
580 0.151744
590 0.18579
600 0.155081
610 0.163
620 0.174704
630 0.148917
640 0.160568
650 0.216804
660 0.184306
670 0.161902
680 0.160845
690 0.149015
700 0.159719
710 0.149755
720 0.153214
730 0.168553
740 0.155858
750 0.159471
760 0.148261
770 0.152909
780 0.155066
790 0.162767
800 0.215556
810 0.155887
820 0.142214
830 0.134009
840 0.146621
850 0.171496
860 0.159076
870 0.134308
880 0.130398
890 0.153102
900 0.143648
910 0.164313
920 0.145831
930 0.1618
940 0.136559
950 0.162321
960 0.138062
970 0.160896
980 0.163359
990 0.131111
1000 0.144169
1010 0.145313
1020 0.127073
1030 0.134388
1040 0.145509
1050 0.14415
1060 0.128617
1070 0.137433
1080 0.149591
1090 0.163145
1100 0.120465
1110 0.164328
1120 0.126648
1130 0.147305
1140 0.129973
1150 0.135267
1160 0.160634
1170 0.147474
1180 0.144422
1190 0.140678
1200 0.12516
1210 0.130285
1220 0.123209
1230 0.124067
1240 0.15291
1250 0.134731
1260 0.128964
1270 0.145999
1280 0.138302
1290 0.140928
1300 0.125714
1310 0.154951
1320 0.134633
1330 0.15355
1340 0.119793
1350 0.127657
1360 0.127798
1370 0.144654
1380 0.122758
1390 0.125685
1400 0.151896
1410 0.143415
1420 0.128339
1430 0.131314
1440 0.127869
1450 0.170311
1460 0.112692
1470 0.147018
1480 0.114702
1490 0.119395
1500 0.13765
1510 0.137394
1520 0.132549
1530 0.121541
1540 0.124041
1550 0.120066
1560 0.118604
1570 0.121318
1580 0.118645
1590 0.122911
1600 0.117159
1610 0.108499
1620 0.126181
1630 0.127224
1640 0.118476
1650 0.165141
1660 0.117928
1670 0.150315
1680 0.124346
1690 0.120611
1700 0.130088
1710 0.118684
1720 0.117831
1730 0.147501
1740 0.128932
1750 0.116087
1760 0.129707
1770 0.14882
1780 0.123821
1790 0.130664
1800 0.126418
1810 0.113671
1820 0.105965
1830 0.110859
1840 0.116648
1850 0.105355
1860 0.130816
1870 0.116264
1880 0.110071
1890 0.111623
1900 0.11281
1910 0.107421
1920 0.128031
1930 0.122589
1940 0.113153
1950 0.119132
1960 0.108107
1970 0.117361
1980 0.127521
1990 0.110378
2000 0.123274
2010 0.118514
2020 0.143376
2030 0.113863
2040 0.10816
2050 0.112955
2060 0.140074
2070 0.128742
2080 0.127666
2090 0.117335
2100 0.116236
2110 0.101176
2120 0.129312
2130 0.111243
2140 0.112335
2150 0.120487
2160 0.112368
2170 0.104003
2180 0.101269
2190 0.14836
2200 0.111992
2210 0.108575
2220 0.109818
2230 0.137818
2240 0.101575
2250 0.0983111
2260 0.110803
2270 0.114058
2280 0.108748
2290 0.128062
2300 0.102296
2310 0.102427
2320 0.105078
2330 0.105688
2340 0.112381
2350 0.115537
2360 0.105199
2370 0.116076
2380 0.127115
2390 0.110272
2400 0.113605
2410 0.10666
2420 0.120099
2430 0.113708
2440 0.110831
2450 0.141706
2460 0.114081
2470 0.126284
2480 0.107567
2490 0.110907
2500 0.115699
2510 0.102394
2520 0.1165
2530 0.106735
2540 0.102253
2550 0.108687
2560 0.101663
2570 0.120272
2580 0.118334
2590 0.107135
2600 0.128148
2610 0.105555
2620 0.124898
2630 0.0990623
2640 0.115575
2650 0.0998329
2660 0.119185
2670 0.101275
2680 0.103293
2690 0.108969
2700 0.115475
2710 0.110419
2720 0.116555
2730 0.117345
2740 0.13201
2750 0.0980697
2760 0.110329
2770 0.098137
2780 0.111745
2790 0.115772
2800 0.118302
2810 0.109846
2820 0.107309
2830 0.107603
2840 0.101616
2850 0.10956
2860 0.127802
2870 0.10363
2880 0.114851
2890 0.107435
2900 0.0961635
2910 0.0973192
2920 0.094579
2930 0.10898
2940 0.104593
2950 0.0975624
2960 0.0974181
2970 0.108444
2980 0.0968554
2990 0.106591
3000 0.106501
3010 0.111702
3020 0.095888
3030 0.123206
3040 0.106882
3050 0.105083
3060 0.0999992
3070 0.116378
3080 0.0950777
3090 0.0995057
3100 0.114224
3110 0.102612
3120 0.10048
3130 0.09175
3140 0.0954046
3150 0.115217
3160 0.104945
3170 0.0917466
3180 0.0977536
3190 0.100944
3200 0.0906311
3210 0.10854
3220 0.119487
3230 0.0922038
3240 0.0961041
3250 0.104712
3260 0.093465
3270 0.111071
3280 0.101846
3290 0.102274
3300 0.0882909
3310 0.094146
3320 0.106623
3330 0.108335
3340 0.10112
3350 0.0931995
3360 0.0976917
3370 0.103473
3380 0.0964172
3390 0.100193
3400 0.0963645
3410 0.128956
3420 0.101908
3430 0.099036
3440 0.0918438
3450 0.0927758
3460 0.113834
3470 0.0982081
3480 0.0926295
3490 0.108695
3500 0.0936431
3510 0.0944853
3520 0.0890418
3530 0.0939409
3540 0.102582
3550 0.0885445
3560 0.11248
3570 0.110504
3580 0.11197
3590 0.0976916
3600 0.0929996
3610 0.0877086
3620 0.0920571
3630 0.0922437
3640 0.0937924
3650 0.091974
3660 0.122733
3670 0.10778
3680 0.0987386
3690 0.0908094
3700 0.0924916
3710 0.106349
3720 0.0911973
3730 0.10835
3740 0.0891887
3750 0.105027
3760 0.0943172
3770 0.0982201
3780 0.0864615
3790 0.0981717
3800 0.0944067
3810 0.0913968
3820 0.0915126
3830 0.0973754
3840 0.0845713
3850 0.0924625
3860 0.0974931
3870 0.1302
3880 0.0856202
3890 0.095595
3900 0.105434
3910 0.0878398
3920 0.0950959
3930 0.107859
3940 0.0924679
3950 0.0908767
3960 0.0924897
3970 0.0968091
3980 0.088935
3990 0.102255
4000 0.096651
4010 0.0988467
4020 0.104009
4030 0.0977307
4040 0.097456
4050 0.100905
4060 0.0915815
4070 0.108119
4080 0.0979846
4090 0.0944515
4100 0.0914957
4110 0.0906586
4120 0.0884869
4130 0.106395
4140 0.0887064
4150 0.090349
4160 0.0939277
4170 0.104226
4180 0.102404
4190 0.0893504
4200 0.102399
4210 0.0907422
4220 0.0974332
4230 0.0925348
4240 0.087602
4250 0.084072
4260 0.0946776
4270 0.086269
4280 0.0848193
4290 0.102616
4300 0.0839422
4310 0.109488
4320 0.0825106
4330 0.0800946
4340 0.0853233
4350 0.0897342
4360 0.0816041
4370 0.0858434
4380 0.0853645
4390 0.101581
4400 0.0909702
4410 0.0867945
4420 0.0900208
4430 0.100518
4440 0.0914838
4450 0.0946959
4460 0.0814383
4470 0.0870294
4480 0.0853757
4490 0.102165
4500 0.0862279
4510 0.090602
4520 0.090572
4530 0.102259
4540 0.104776
4550 0.0864964
4560 0.0997906
4570 0.0897104
4580 0.0934978
4590 0.0859806
4600 0.100786
4610 0.082662
4620 0.0931977
4630 0.0918965
4640 0.0899015
4650 0.111147
4660 0.0864897
4670 0.10227
4680 0.0911786
4690 0.0837832
4700 0.0968242
4710 0.0867287
4720 0.0985366
4730 0.0872602
4740 0.0886663
4750 0.0924324
4760 0.0851479
4770 0.0803858
4780 0.101765
4790 0.0881912
4800 0.112769
4810 0.0859215
4820 0.0923845
4830 0.0843088
4840 0.0855569
4850 0.0819934
4860 0.0887077
4870 0.0900446
4880 0.0885773
4890 0.101593
4900 0.0973492
4910 0.0854954
4920 0.0875066
4930 0.0871542
4940 0.0893416
4950 0.0854655
4960 0.0859145
4970 0.089141
4980 0.0832503
4990 0.0824951
5000 0.0884445
