0 0
10 0.312854
20 0.179797
30 0.181297
40 0.0909507
50 0.121962
60 0.112661
70 0.070435
80 0.0605574
90 0.0851879
100 0.0519496
110 0.0437974
120 0.0442147
130 0.0378046
140 0.0512127
150 0.0679592
160 0.0424032
170 0.0217081
180 0.0258457
190 0.0262176
200 0.0267898
210 0.0189359
220 0.0275449
230 0.0227638
240 0.0253344
250 0.0304982
260 0.0177909
270 0.0282398
280 0.0202518
290 0.0143928
300 0.0202925
310 0.0190074
320 0.0162094
330 0.0236719
340 0.0185778
350 0.0207326
360 0.0149481
370 0.0130637
380 0.0143393
390 0.0158296
400 0.0125864
410 0.0139823
420 0.014067
430 0.0181664
440 0.0119659
450 0.0139988
460 0.0169324
470 0.0101467
480 0.0144904
490 0.0138372
500 0.0131461
510 0.0113517
520 0.0168995
530 0.0103604
540 0.01417
550 0.0116243
560 0.0139696
570 0.0114572
580 0.0107815
590 0.0113032
600 0.0106328
610 0.0111225
620 0.011952
630 0.00834623
640 0.0129297
650 0.00897782
660 0.00963044
670 0.00806199
680 0.0107393
690 0.00898983
700 0.0134177
710 0.0102331
720 0.00937327
730 0.00969318
740 0.010805
750 0.00769746
760 0.00724152
770 0.00813411
780 0.00907629
790 0.00763254
800 0.00747711
810 0.00827546
820 0.00897395
830 0.00940189
840 0.00891673
850 0.00814634
860 0.00858717
870 0.00767611
880 0.0101655
890 0.0072581
900 0.00676323
910 0.00981367
920 0.0103912
930 0.00940439
940 0.00957007
950 0.00764524
960 0.0068081
970 0.00716765
980 0.0065302
990 0.00662074
1000 0.00766454
1010 0.00784676
1020 0.00727418
1030 0.00666935
1040 0.00539315
1050 0.0083019
1060 0.00619623
1070 0.00580588
1080 0.00637374
1090 0.00776934
1100 0.00863245
1110 0.00755392
1120 0.00647046
1130 0.00576389
1140 0.00871946
1150 0.00510669
1160 0.00672919
1170 0.00737006
1180 0.00623213
1190 0.00689992
1200 0.0071432
1210 0.0056636
1220 0.00513934
1230 0.00638233
1240 0.00860577
1250 0.00729818
1260 0.00710726
1270 0.00665669
1280 0.00586329
1290 0.00615966
1300 0.00480413
1310 0.00567763
1320 0.00516795
1330 0.00691276
1340 0.00594054
1350 0.00472012
1360 0.00468077
1370 0.00420995
1380 0.00507791
1390 0.00708237
1400 0.00588975
1410 0.00614309
1420 0.0051127
1430 0.00408957
1440 0.0044957
1450 0.00527609
1460 0.00578935
1470 0.00460356
1480 0.00695066
1490 0.0068297
1500 0.00558332
1510 0.00393376
1520 0.00437717
1530 0.00611291
1540 0.00666413
1550 0.00457153
1560 0.00467696
1570 0.00460365
1580 0.00445773
1590 0.00454736
1600 0.00483986
1610 0.00573785
1620 0.0051094
1630 0.00535423
1640 0.00538476
1650 0.00373266
1660 0.00400563
1670 0.0055593
1680 0.0052076
1690 0.00515847
1700 0.00445536
1710 0.00405973
1720 0.0041697
1730 0.0051696
1740 0.00404293
1750 0.00463133
1760 0.00555246
1770 0.00461339
1780 0.0039199
1790 0.0053778
1800 0.00398851
1810 0.00425687
1820 0.00373395
1830 0.00571817
1840 0.00353344
1850 0.00335423
1860 0.00349644
1870 0.00398918
1880 0.00446607
1890 0.00344962
1900 0.00420927
1910 0.00377959
1920 0.0057357
1930 0.00479891
1940 0.00545712
1950 0.00534965
1960 0.00513019
1970 0.00475366
1980 0.00486812
1990 0.00440069
2000 0.00371783
2010 0.00346334
2020 0.00413242
2030 0.0040487
2040 0.00482826
2050 0.00483797
2060 0.0046041
2070 0.00377469
2080 0.004028
2090 0.00351311
2100 0.00330295
2110 0.0034866
2120 0.0040952
2130 0.00292903
2140 0.00348542
2150 0.00396192
2160 0.00343646
2170 0.00317271
2180 0.00375431
2190 0.00410589
2200 0.00437858
2210 0.00289154
2220 0.00348116
2230 0.00356446
2240 0.00368589
2250 0.00412509
2260 0.00354154
2270 0.00453534
2280 0.00397854
2290 0.0032642
2300 0.00310304
2310 0.00346062
2320 0.00346914
2330 0.00393353
2340 0.00420326
2350 0.00339358
2360 0.0027739
2370 0.00408472
2380 0.00298866
2390 0.00330528
2400 0.00297576
2410 0.00319059
2420 0.00318594
2430 0.00377493
2440 0.00274925
2450 0.00345846
2460 0.00413082
2470 0.00313009
2480 0.00389359
2490 0.00387918
2500 0.00355389
2510 0.0030118
2520 0.00367851
2530 0.00326832
2540 0.00354007
2550 0.00307752
2560 0.00264867
2570 0.0035566
2580 0.00355844
2590 0.00411592
2600 0.00250086
2610 0.00303672
2620 0.00276823
2630 0.00272821
2640 0.00387109
2650 0.00281467
2660 0.0026303
2670 0.00282165
2680 0.00310352
2690 0.0030067
2700 0.00480253
2710 0.00288033
2720 0.00325357
2730 0.00285916
2740 0.00339915
2750 0.00321748
2760 0.00302776
2770 0.00316122
2780 0.00303563
2790 0.00273281
2800 0.00242268
2810 0.00298848
2820 0.00365731
2830 0.00286378
2840 0.00356358
2850 0.0029578
2860 0.00373591
2870 0.00341918
2880 0.00300196
2890 0.0029143
2900 0.0028493
2910 0.00338152
2920 0.00335299
2930 0.0024286
2940 0.00252801
2950 0.00276321
2960 0.00272883
2970 0.0032037
2980 0.00220242
2990 0.00293434
3000 0.00374603
3010 0.00270899
3020 0.00284172
3030 0.00267569
3040 0.00293555
3050 0.00304073
3060 0.00257473
3070 0.00254499
3080 0.00226123
3090 0.00280983
3100 0.00251424
3110 0.00253511
3120 0.00306205
3130 0.00227523
3140 0.00248172
3150 0.00276708
3160 0.00213521
3170 0.00296685
3180 0.00259582
3190 0.00259588
3200 0.00243372
3210 0.00271839
3220 0.00240451
3230 0.00340312
3240 0.0034948
3250 0.00314792
3260 0.00287865
3270 0.00280022
3280 0.00280516
3290 0.00236866
3300 0.00259873
3310 0.00240027
3320 0.00221598
3330 0.00227665
3340 0.00245053
3350 0.00229367
3360 0.00249214
3370 0.00204242
3380 0.0041506
3390 0.00243323
3400 0.00252774
3410 0.00238575
3420 0.00243038
3430 0.00259001
3440 0.00222723
3450 0.00301501
3460 0.00299714
3470 0.00238306
3480 0.00289194
3490 0.00222864
3500 0.00214321
3510 0.00266029
3520 0.00234037
3530 0.00248137
3540 0.00202621
3550 0.00265483
3560 0.00238865
3570 0.00220893
3580 0.00238272
3590 0.00266306
3600 0.00227082
3610 0.00253743
3620 0.00210519
3630 0.00231512
3640 0.00216997
3650 0.00261329
3660 0.00229715
3670 0.00271366
3680 0.00235025
3690 0.00226609
3700 0.00232104
3710 0.0022814
3720 0.00218267
3730 0.00251515
3740 0.00200339
3750 0.00186504
3760 0.00224433
3770 0.0022319
3780 0.00279153
3790 0.0018657
3800 0.00206058
3810 0.00274194
3820 0.00252116
3830 0.00189916
3840 0.00259774
3850 0.00220376
3860 0.00184929
3870 0.0022089
3880 0.00369575
3890 0.00397692
3900 0.00189991
3910 0.00253516
3920 0.00239149
3930 0.00199545
3940 0.0021808
3950 0.00223544
3960 0.00196785
3970 0.00250218
3980 0.00229683
3990 0.00204354
4000 0.00224784
4010 0.00229578
4020 0.00281923
4030 0.00186479
4040 0.00213083
4050 0.00212688
4060 0.00206453
4070 0.00216658
4080 0.00184561
4090 0.00222873
4100 0.00187237
4110 0.00181863
4120 0.00241548
4130 0.00250649
4140 0.0020187
4150 0.0021147
4160 0.00204695
4170 0.00232335
4180 0.00241812
4190 0.00214613
4200 0.00221817
4210 0.00258137
4220 0.00204881
4230 0.00172711
4240 0.00182122
4250 0.00211703
4260 0.00214805
4270 0.0017448
4280 0.00287168
4290 0.00235358
4300 0.00211841
4310 0.00177223
4320 0.00183976
4330 0.00232578
4340 0.00182591
4350 0.00180922
4360 0.00231909
4370 0.00204214
4380 0.00221021
4390 0.00206435
4400 0.00171202
4410 0.00171303
4420 0.00188014
4430 0.0020903
4440 0.00178125
4450 0.00164449
4460 0.0020723
4470 0.00167533
4480 0.0018036
4490 0.00221324
4500 0.00177379
4510 0.0019077
4520 0.00182687
4530 0.00164484
4540 0.00191449
4550 0.00224606
4560 0.00176508
4570 0.00199036
4580 0.00188005
4590 0.00214639
4600 0.00184179
4610 0.00169953
4620 0.00293517
4630 0.00168155
4640 0.00231568
4650 0.00171897
4660 0.00182739
4670 0.00210734
4680 0.0020732
4690 0.00179144
4700 0.00259499
4710 0.0018123
4720 0.00249686
4730 0.00181301
4740 0.00178875
4750 0.00236965
4760 0.00218684
4770 0.00161111
4780 0.00191356
4790 0.00182984
4800 0.00197102
4810 0.0017154
4820 0.00189063
4830 0.00158329
4840 0.00190935
4850 0.00175417
4860 0.00151515
4870 0.00163526
4880 0.00181245
4890 0.00200957
4900 0.00183243
4910 0.00154992
4920 0.00195578
4930 0.00324576
4940 0.0022164
4950 0.0018116
4960 0.0017764
4970 0.00164551
4980 0.00288977
4990 0.00261693
5000 0.0016716
