10 0.3754
20 0.468655
30 0.313666
40 0.196572
50 0.231333
60 0.190384
70 0.199177
80 0.185682
90 0.156136
100 0.172367
110 0.158621
120 0.15258
130 0.119753
140 0.141484
150 0.125739
160 0.115261
170 0.100317
180 0.18056
190 0.131139
200 0.113853
210 0.134636
220 0.109211
230 0.0954187
240 0.104229
250 0.117337
260 0.091384
270 0.0969282
280 0.0973962
290 0.0958156
300 0.110318
310 0.116006
320 0.102062
330 0.092877
340 0.0894702
350 0.0956767
360 0.0849049
370 0.0959161
380 0.0785035
390 0.0906235
400 0.0912998
410 0.100544
420 0.0800497
430 0.0786463
440 0.0977494
450 0.084302
460 0.0798356
470 0.0836336
480 0.0778089
490 0.0804314
500 0.0800947
510 0.0695312
520 0.067918
530 0.0836498
540 0.063212
550 0.0685625
560 0.0725074
570 0.086172
580 0.0769443
590 0.0626441
600 0.0851084
610 0.0829729
620 0.066719
630 0.0750589
640 0.0798466
650 0.0695834
660 0.0599749
670 0.06083
680 0.0612396
690 0.0686979
700 0.059007
710 0.0995525
720 0.0795505
730 0.0648923
740 0.0890716
750 0.055815
760 0.0698596
770 0.0686921
780 0.0601556
790 0.0569271
800 0.0527362
810 0.0614982
820 0.0612714
830 0.0621571
840 0.0580633
850 0.0554334
860 0.0484663
870 0.0660311
880 0.0536833
890 0.0644318
900 0.0636396
910 0.056552
920 0.0565095
930 0.0617595
940 0.0573127
950 0.0582208
960 0.0511713
970 0.0584614
980 0.0501706
990 0.0579027
1000 0.0531383
1010 0.087302
1020 0.0547588
1030 0.0574549
1040 0.057105
1050 0.0652602
1060 0.0522084
1070 0.0547762
1080 0.0491485
1090 0.0630053
1100 0.0479654
1110 0.0553042
1120 0.0502283
1130 0.0531582
1140 0.0502387
1150 0.0496942
1160 0.048534
1170 0.051468
1180 0.0526701
1190 0.0429493
1200 0.0479538
1210 0.0469323
1220 0.0704688
1230 0.0512417
1240 0.0617963
1250 0.0495911
1260 0.0607565
1270 0.0491459
1280 0.0428112
1290 0.0538807
1300 0.0473898
1310 0.0503689
1320 0.0472485
1330 0.0450784
1340 0.0486172
1350 0.0446457
1360 0.0425335
1370 0.0457924
1380 0.0475822
1390 0.0512173
1400 0.0529301
1410 0.0473955
1420 0.042845
1430 0.0444879
1440 0.0495836
1450 0.0450133
1460 0.0510879
1470 0.0556657
1480 0.0447818
1490 0.0426508
1500 0.0453875
1510 0.0524202
1520 0.0445842
1530 0.0450433
1540 0.0464824
1550 0.0473176
1560 0.044815
1570 0.0413447
1580 0.0454162
1590 0.0426468
1600 0.0639697
1610 0.0505122
1620 0.0433719
1630 0.0447409
1640 0.0458249
1650 0.0390864
1660 0.0425628
1670 0.0401039
1680 0.0447723
1690 0.0478261
1700 0.0484347
1710 0.0430399
1720 0.0462031
1730 0.0422181
1740 0.0407339
1750 0.0395003
1760 0.0431894
1770 0.0434936
1780 0.0435139
1790 0.0404171
1800 0.0421842
1810 0.0412849
1820 0.0457843
1830 0.041085
1840 0.0464625
1850 0.0459501
1860 0.0408797
1870 0.0436668
1880 0.0423094
1890 0.0383718
1900 0.0453416
1910 0.0443644
1920 0.041635
1930 0.0426665
1940 0.0413039
1950 0.0351783
1960 0.0426456
1970 0.0418146
1980 0.044505
1990 0.0381403
2000 0.0474908
2010 0.0394748
2020 0.0398638
2030 0.0592354
2040 0.0408801
2050 0.0363432
2060 0.0408682
2070 0.0428765
2080 0.035377
2090 0.0375736
2100 0.0414649
2110 0.039287
2120 0.0381907
2130 0.0371655
2140 0.0351216
2150 0.0403906
2160 0.0359968
2170 0.040392
2180 0.0395402
2190 0.0375469
2200 0.0443307
2210 0.0406442
2220 0.0353136
2230 0.0349814
2240 0.0435069
2250 0.0382426
2260 0.0463123
2270 0.0375739
2280 0.0377808
2290 0.0416644
2300 0.0337751
2310 0.0368689
2320 0.0425624
2330 0.0395642
2340 0.0426521
2350 0.0486276
2360 0.0389691
2370 0.0380064
2380 0.0419232
2390 0.041332
2400 0.0314351
2410 0.0413311
2420 0.038499
2430 0.0328496
2440 0.0347259
2450 0.0333325
2460 0.0330456
2470 0.0387688
2480 0.0331875
2490 0.0362213
2500 0.0434116
2510 0.0344346
2520 0.0346436
2530 0.0373453
2540 0.0340039
2550 0.0407169
2560 0.0369954
2570 0.0377351
2580 0.0420067
2590 0.0373248
2600 0.0367515
2610 0.0353707
2620 0.0314643
2630 0.0337219
2640 0.037259
2650 0.0370637
2660 0.0350799
2670 0.0369638
2680 0.0379522
2690 0.0331627
2700 0.0401456
2710 0.0547944
2720 0.0351388
2730 0.035784
2740 0.0380251
2750 0.0382424
2760 0.0303892
2770 0.0368279
2780 0.0358975
2790 0.0387287
2800 0.036509
2810 0.0337182
2820 0.0333309
2830 0.0350128
2840 0.0312754
2850 0.0345441
2860 0.0319618
2870 0.0311621
2880 0.0348379
2890 0.0313846
2900 0.0334446
2910 0.0320974
2920 0.0333447
2930 0.0301819
2940 0.0318894
2950 0.0366601
2960 0.0288266
2970 0.032127
2980 0.0393951
2990 0.0353111
3000 0.0292492
3010 0.032532
3020 0.0349433
3030 0.0351331
3040 0.0343434
3050 0.0322301
3060 0.032351
3070 0.0297964
3080 0.0313904
3090 0.0403178
3100 0.0300008
3110 0.0340475
3120 0.0345777
3130 0.0325652
3140 0.0303414
3150 0.037887
3160 0.0331626
3170 0.0336766
3180 0.0305084
3190 0.0367599
3200 0.029954
3210 0.0310102
3220 0.0280684
3230 0.0390822
3240 0.0315031
3250 0.0329203
3260 0.0344078
3270 0.033409
3280 0.0344952
3290 0.0311067
3300 0.0352837
3310 0.0294284
3320 0.0331665
3330 0.0365295
3340 0.0297702
3350 0.0342299
3360 0.0305986
3370 0.0400712
3380 0.0293665
3390 0.0302124
3400 0.0315945
3410 0.0284768
3420 0.0371752
3430 0.0292952
3440 0.0278578
3450 0.0265909
3460 0.0332992
3470 0.0337487
3480 0.0376226
3490 0.035406
3500 0.030447
3510 0.0309267
3520 0.0290026
3530 0.0323151
3540 0.0333232
3550 0.0285165
3560 0.0300035
3570 0.0407009
3580 0.0343752
3590 0.0296909
3600 0.0360602
3610 0.0307961
3620 0.0289247
3630 0.0293425
3640 0.0341932
3650 0.0269815
3660 0.0302816
3670 0.030008
3680 0.0341342
3690 0.0288108
3700 0.0277176
3710 0.0275253
3720 0.0271878
3730 0.0290241
3740 0.0292775
3750 0.0289551
3760 0.0284481
3770 0.0313994
3780 0.0272881
3790 0.0264488
3800 0.0262203
3810 0.0391559
3820 0.0306524
3830 0.0260356
3840 0.0287693
3850 0.0316699
3860 0.0317307
3870 0.0287342
3880 0.0292097
3890 0.0286185
3900 0.0278346
3910 0.0314848
3920 0.0290911
3930 0.0271654
3940 0.0256499
3950 0.0332498
3960 0.0278061
3970 0.0316659
3980 0.0293084
3990 0.0267743
4000 0.0272262
4010 0.0319837
4020 0.0290175
4030 0.0325558
4040 0.0300124
4050 0.03717
4060 0.0260981
4070 0.0265105
4080 0.0304556
4090 0.0275576
4100 0.0283578
4110 0.0286693
4120 0.0279072
4130 0.0294265
4140 0.0308178
4150 0.0296179
4160 0.0276312
4170 0.0261169
4180 0.0289751
4190 0.0303282
4200 0.0307545
4210 0.0349671
4220 0.0281792
4230 0.0290399
4240 0.0284436
4250 0.0277395
4260 0.0316799
4270 0.0290976
4280 0.0290634
4290 0.0282333
4300 0.032858
4310 0.0294315
4320 0.0350025
4330 0.0295616
4340 0.0280447
4350 0.0303477
4360 0.0267069
4370 0.0308649
4380 0.0258391
4390 0.029325
4400 0.0315535
4410 0.0273959
4420 0.0270336
4430 0.0302616
4440 0.0258315
4450 0.0287318
4460 0.0343388
4470 0.0299401
4480 0.0264378
4490 0.0308905
4500 0.0294955
4510 0.0282946
4520 0.0275785
4530 0.0286314
4540 0.0367576
4550 0.0268858
4560 0.028149
4570 0.0268088
4580 0.0280581
4590 0.0278864
4600 0.0237552
4610 0.0267296
4620 0.0265411
4630 0.0243472
4640 0.0320005
4650 0.0293207
4660 0.0247353
4670 0.027797
4680 0.030382
4690 0.0294338
4700 0.0245675
4710 0.0267348
4720 0.0280505
4730 0.0273644
4740 0.0264436
4750 0.0269613
4760 0.027621
4770 0.0254865
4780 0.0249497
4790 0.028809
4800 0.0290524
4810 0.0255296
4820 0.0293482
4830 0.0273517
4840 0.0284216
4850 0.027644
4860 0.0275951
4870 0.0269394
4880 0.0282499
4890 0.0262355
4900 0.026221
4910 0.024703
4920 0.0274651
4930 0.0263336
4940 0.0244303
4950 0.0267661
4960 0.0234545
4970 0.0285994
4980 0.0248644
4990 0.030229
5000 0.024802
