0 0
10 0.831637
20 0.633703
30 0.468561
40 0.617969
50 0.46781
60 0.43807
70 0.429803
80 0.428508
90 0.45608
100 0.368128
110 0.382277
120 0.344228
130 0.414571
140 0.387634
150 0.346695
160 0.385042
170 0.426154
180 0.330315
190 0.363476
200 0.326757
210 0.346051
220 0.357068
230 0.366088
240 0.376919
250 0.301267
260 0.340565
270 0.320232
280 0.29515
290 0.303248
300 0.326511
310 0.350184
320 0.342865
330 0.375272
340 0.283186
350 0.329376
360 0.367913
370 0.31401
380 0.287346
390 0.279534
400 0.338763
410 0.335812
420 0.33174
430 0.301637
440 0.286207
450 0.326734
460 0.292548
470 0.253513
480 0.284556
490 0.272424
500 0.302873
510 0.290818
520 0.294922
530 0.266952
540 0.350637
550 0.314222
560 0.284646
570 0.299083
580 0.296944
590 0.265914
600 0.248424
610 0.267864
620 0.267694
630 0.282728
640 0.241552
650 0.279266
660 0.254229
670 0.231387
680 0.258186
690 0.251272
700 0.254796
710 0.266669
720 0.274356
730 0.315787
740 0.293432
750 0.291963
760 0.239171
770 0.25518
780 0.242283
790 0.250133
800 0.240855
810 0.23551
820 0.317461
830 0.25386
840 0.263091
850 0.232902
860 0.288566
870 0.321499
880 0.290137
890 0.271466
900 0.268034
910 0.251047
920 0.237348
930 0.228438
940 0.244788
950 0.27375
960 0.2382
970 0.266408
980 0.260166
990 0.247792
1000 0.263577
1010 0.261548
1020 0.268531
1030 0.269834
1040 0.225453
1050 0.231988
1060 0.246346
1070 0.233284
1080 0.236954
1090 0.248996
1100 0.247088
1110 0.263354
1120 0.227633
1130 0.234077
1140 0.24868
1150 0.234505
1160 0.226346
1170 0.237772
1180 0.24403
1190 0.243174
1200 0.200247
1210 0.231848
1220 0.222981
1230 0.234121
1240 0.231135
1250 0.237878
1260 0.234028
1270 0.249902
1280 0.215013
1290 0.253947
1300 0.253203
1310 0.220405
1320 0.229377
1330 0.271229
1340 0.231281
1350 0.222505
1360 0.217295
1370 0.21417
1380 0.223206
1390 0.220891
1400 0.225715
1410 0.222597
1420 0.219475
1430 0.223213
1440 0.22784
1450 0.252667
1460 0.208964
1470 0.222964
1480 0.251761
1490 0.230279
1500 0.235352
1510 0.196504
1520 0.257506
1530 0.230823
1540 0.237062
1550 0.223841
1560 0.209945
1570 0.227285
1580 0.225036
1590 0.275164
1600 0.245703
1610 0.211192
1620 0.226109
1630 0.211963
1640 0.227002
1650 0.224994
1660 0.226076
1670 0.25282
1680 0.215904
1690 0.231347
1700 0.214838
1710 0.203815
1720 0.210418
1730 0.219002
1740 0.195157
1750 0.227674
1760 0.224238
1770 0.217898
1780 0.206822
1790 0.204667
1800 0.201414
1810 0.220257
1820 0.202918
1830 0.198432
1840 0.224807
1850 0.207159
1860 0.218347
1870 0.212069
1880 0.18496
1890 0.212856
1900 0.217374
1910 0.199486
1920 0.217888
1930 0.225891
1940 0.21459
1950 0.22172
1960 0.231377
1970 0.204596
1980 0.192957
1990 0.243485
2000 0.200966
2010 0.199262
2020 0.225364
2030 0.199668
2040 0.190771
2050 0.20301
2060 0.197221
2070 0.208035
2080 0.211672
2090 0.205286
2100 0.206991
2110 0.241198
2120 0.204979
2130 0.202289
2140 0.203949
2150 0.195725
2160 0.210879
2170 0.200301
2180 0.212954
2190 0.208331
2200 0.209698
2210 0.20157
2220 0.237994
2230 0.201543
2240 0.209269
2250 0.187963
2260 0.202056
2270 0.187957
2280 0.190983
2290 0.204516
2300 0.187539
2310 0.197357
2320 0.19587
2330 0.187503
2340 0.20587
2350 0.207912
2360 0.211936
2370 0.192894
2380 0.199557
2390 0.201766
2400 0.203981
2410 0.211762
2420 0.21478
2430 0.192904
2440 0.188594
2450 0.193015
2460 0.222137
2470 0.204939
2480 0.19775
2490 0.193923
2500 0.207386
2510 0.199713
2520 0.191719
2530 0.199622
2540 0.191183
2550 0.188837
2560 0.198416
2570 0.182033
2580 0.19107
2590 0.208306
2600 0.187109
2610 0.187733
2620 0.181259
2630 0.215136
2640 0.198001
2650 0.246191
2660 0.200079
2670 0.183132
2680 0.188387
2690 0.184397
2700 0.219463
2710 0.198426
2720 0.202062
2730 0.174358
2740 0.178818
2750 0.199623
2760 0.197287
2770 0.228259
2780 0.185784
2790 0.190294
2800 0.228408
2810 0.19095
2820 0.190179
2830 0.221202
2840 0.182884
2850 0.205275
2860 0.210644
2870 0.183365
2880 0.184486
2890 0.18215
2900 0.196422
2910 0.202044
2920 0.183999
2930 0.177373
2940 0.228936
2950 0.188109
2960 0.202275
2970 0.177623
2980 0.20595
2990 0.182274
3000 0.185731
3010 0.210353
3020 0.1978
3030 0.189781
3040 0.206452
3050 0.203449
3060 0.193647
3070 0.187901
3080 0.191973
3090 0.191346
3100 0.199502
3110 0.184382
3120 0.182904
3130 0.20181
3140 0.183553
3150 0.191557
3160 0.204568
3170 0.192152
3180 0.168709
3190 0.173997
3200 0.216546
3210 0.184631
3220 0.187533
3230 0.177121
3240 0.182605
3250 0.179196
3260 0.181016
3270 0.187361
3280 0.208268
3290 0.170283
3300 0.19594
3310 0.200789
3320 0.210717
3330 0.194621
3340 0.192497
3350 0.177067
3360 0.183653
3370 0.181345
3380 0.179709
3390 0.179527
3400 0.205207
3410 0.172394
3420 0.183041
3430 0.17362
3440 0.170628
3450 0.183248
3460 0.189086
3470 0.183735
3480 0.203065
3490 0.174526
3500 0.173976
3510 0.17494
3520 0.180362
3530 0.170731
3540 0.1781
3550 0.180073
3560 0.17384
3570 0.199291
3580 0.192017
3590 0.188145
3600 0.189825
3610 0.190185
3620 0.193135
3630 0.186481
3640 0.178534
3650 0.200842
3660 0.180287
3670 0.178684
3680 0.177702
3690 0.167432
3700 0.190211
3710 0.17194
3720 0.170885
3730 0.188064
3740 0.195471
3750 0.188924
3760 0.172495
3770 0.199481
3780 0.172716
3790 0.184234
3800 0.161765
3810 0.170778
3820 0.184038
3830 0.179345
3840 0.167655
3850 0.172791
3860 0.174632
3870 0.171386
3880 0.205295
3890 0.185307
3900 0.193083
3910 0.175912
3920 0.174171
3930 0.176191
3940 0.180857
3950 0.167477
3960 0.180022
3970 0.179851
3980 0.17364
3990 0.192567
4000 0.170057
4010 0.176026
4020 0.179544
4030 0.179984
4040 0.197751
4050 0.166961
4060 0.181131
4070 0.183379
4080 0.167781
4090 0.197089
4100 0.185745
4110 0.169429
4120 0.179102
4130 0.173159
4140 0.163606
4150 0.177006
4160 0.171437
4170 0.180449
4180 0.188752
4190 0.173299
4200 0.181239
4210 0.172224
4220 0.172669
4230 0.173404
4240 0.187525
4250 0.166913
4260 0.164301
4270 0.159789
4280 0.178236
4290 0.184688
4300 0.212098
4310 0.169953
4320 0.17522
4330 0.189248
4340 0.174176
4350 0.17501
4360 0.173218
4370 0.165253
4380 0.16947
4390 0.176208
4400 0.172829
4410 0.171066
4420 0.162922
4430 0.178634
4440 0.196151
4450 0.169305
4460 0.192535
4470 0.159679
4480 0.170102
4490 0.167477
4500 0.173762
4510 0.164744
4520 0.172852
4530 0.194798
4540 0.164587
4550 0.178921
4560 0.162318
4570 0.196215
4580 0.167134
4590 0.163295
4600 0.168323
4610 0.160939
4620 0.16261
4630 0.18159
4640 0.17848
4650 0.158781
4660 0.155608
4670 0.165308
4680 0.221313
4690 0.186029
4700 0.168964
4710 0.166258
4720 0.18786
4730 0.184472
4740 0.16285
4750 0.165654
4760 0.166432
4770 0.177318
4780 0.152124
4790 0.172841
4800 0.194081
4810 0.167518
4820 0.176099
4830 0.160598
4840 0.191987
4850 0.16941
4860 0.15966
4870 0.172775
4880 0.158353
4890 0.162188
4900 0.186695
4910 0.159124
4920 0.1788
4930 0.17966
4940 0.178302
4950 0.163301
4960 0.154654
4970 0.194683
4980 0.169587
4990 0.158418
5000 0.183952
